%  notes_indics.m
%  Calculations for the business cycle indicators  
format compact
format short 

f = [ (6.683+7.469+7.685+7.812+7.921)/5;
      (7.921+8.274)/2;
      (8.274+8.498)/2;
      (8.498+8.632)/2;
      (8.632+8.714)/2]
  
rp = f - f(1) 

